M0086_1.02.txt
Pos	A	C	G	T
1	0.287385908013657	0.18498146880198	0.164060209169499	0.363572242713558
2	0.268822931218917	0.245690086061912	0.172342428210344	0.313144588564022
3	0.339996933227662	0.263259777689586	0.151657718112127	0.245085641123334
4	0.153137435214402	0.201021880848225	0.101790628046118	0.5440498088481
5	0.240408827004599	0.109918599076006	0.541436105125234	0.108236708258281
6	0.108236708258281	0.541436105125234	0.109918599076006	0.240408827004599
7	0.5440498088481	0.101790628046118	0.201021880848225	0.153137435214402
8	0.245085641123334	0.151657718112127	0.263259777689586	0.339996933227662
9	0.313144588564022	0.172342428210344	0.245690086061912	0.268822931218917
10	0.363572242713558	0.164060209169499	0.18498146880198	0.287385908013657

M0087_1.02.txt
Pos	A	C	G	T
1	0.210612235083376	0.249639703984584	0.212728923235575	0.327019137696465
2	0.368807863977612	0.131666974575549	0.206494920637766	0.293030240809073
3	0.149879907939015	0.326958862281317	0.179438828162233	0.343722401617435
4	0.59709814845862	0.299490142185392	0.0681752436778613	0.0352364656781267
5	0.0713674230204506	0.0871683673170179	0.0308100675523138	0.810654142110218
6	0.10919780544118	0.00375527292996241	0.882854992808631	0.004191928820227
7	0.0879971867821681	0.740484606287012	0.0159156809400298	0.15560252599079
8	0.743094476064179	0.000719515789834785	0.194576069947403	0.0616099381985832
9	0.192295105365977	0.194227703304044	0.35390594971111	0.259571241618869
10	0.226084737261053	0.210800011799758	0.403796029314724	0.159319221624465

M0099_1.02.txt
Pos	A	C	G	T
1	0.282479061686074	0.173159983491439	0.181255630979748	0.36310517377669
2	0.200768244434113	0.319145347458583	0.136963444748374	0.343122816748936
3	0.492646269140539	0.26130451334379	0.149199740243597	0.0968494562506856
4	0.0296905380089614	0.0747635358963552	0.00156887636049569	0.89397700869929
5	0.120064378772673	0.0114472974318195	0.815301580054462	0.0531869005953239
6	0.0531869005953239	0.815301580054462	0.0114472974318195	0.120064378772673
7	0.89397700869929	0.00156887636049569	0.0747635358963552	0.0296905380089614
8	0.0968494562506856	0.149199740243597	0.26130451334379	0.492646269140539
9	0.343122816748936	0.136963444748374	0.319145347458583	0.200768244434113
10	0.36310517377669	0.181255630979748	0.173159983491439	0.282479061686074

M0112_1.02.txt
Pos	A	C	G	T
1	0.231892701626432	0.272128606254925	0.231892701626432	0.264085990492211
2	0.199782440502818	0.27512594562836	0.241586835789265	0.283504778079556
3	0.239405915115148	0.256764802598613	0.190216044204434	0.313613238081805
4	0.16999063119109	0.16332520320434	0.418109485281593	0.248574680322977
5	0.699238070713673	0.0729658316658062	0.111051190661221	0.116744906959299
6	0.0969226401909596	0.120773046604561	0.0142095338446568	0.768094779359823
7	0.556968979094105	0.0378075775190136	0.314980126274546	0.0902433171123355
8	0.186997393697432	0.278967330293534	0.206664081266855	0.327371194742179

M0138_1.02.txt
Pos	A	C	G	T
1	0.606434704856409	0.100112935827015	0.193339429209371	0.100112935827015
2	0.558534536959519	0.133576548848744	0.0471620187602189	0.260726901151327
3	0.808689822491864	0.000196195001979411	0.088314476290874	0.102799511935092
4	0.231969194505965	0.000196195001979411	0.000196195001979411	0.767638421209884
5	0.889932542777734	0.000196195001979411	0.000196195001979411	0.109675072938116
6	0.29066280696805	0.000196195001979411	0.000196195001979411	0.708944808747799
7	0.267391032613095	0.000196195001979411	0.000196195001979411	0.732216583102755
8	0.000196195001979411	0.0934226883843353	0.000196195001979411	0.906184927331514
9	0.460240677205725	0.150083260604917	0.150083260604917	0.23959280730425
10	0.203034177671712	0.291152458960606	0.203034177671712	0.302779191415776

M0140_1.02.txt
Pos	A	C	G	T
1	0.272989008179359	0.275732593323237	0.24701066931738	0.204267729180025
2	0.311542153782777	0.190858946324182	0.252531161820896	0.245067738072145
3	0.409497696092611	0.106158289493142	0.18399917561854	0.300344838795708
4	0.464797930048791	0.0957367993127707	0.154717790704706	0.284747479933733
5	0.582238071190848	0.12862219950668	0.0141099387046402	0.275029790597832
6	0.576039748917755	0.000723378028827298	0.229562808400934	0.193674064652484
7	0.235344579039277	0.212948581250255	0.0484751227925361	0.503231716917932

M0232_1.02.txt
Pos	A	C	G	T
1	0.388135173508067	0.112825075609455	0.260346266361093	0.238693656175619
2	0.249054316628862	0.172338608536403	0.128936999005956	0.449670009663408
3	0.199249735711658	0.410304552657255	0.16248743411601	0.227958433109514
4	0.479654955411275	0.0348392751394948	0.286042098973204	0.199463644441647
5	0.1299119679953	0.429844074062134	0.141335539206508	0.298908495812703
6	0.298908495812703	0.141335539206508	0.429844074062134	0.1299119679953
7	0.199463644441647	0.286042098973204	0.0348392751394948	0.479654955411275
8	0.227958433109514	0.16248743411601	0.410304552657255	0.199249735711658
9	0.449670009663408	0.128936999005956	0.172338608536403	0.249054316628862
10	0.238693656175619	0.260346266361093	0.112825075609455	0.388135173508067

M0233_1.02.txt
Pos	A	C	G	T
1	0.372697025220893	0.131267064071019	0.368992295262773	0.127043483565065
2	0.132629793155636	0.120617594375086	0.15034809271754	0.59640463430257
3	0.0538060908643695	0.833997751542062	0.0400040472666412	0.0721921626883556
4	0.86055039081896	0.0143374241361936	0.0629619723858433	0.0621501895370673
5	0.0497653143813781	0.733894860754459	0.036448180858173	0.179891637048801
6	0.179891637048801	0.036448180858173	0.733894860754459	0.0497653143813781
7	0.0621501895370673	0.0629619723858433	0.0143374241361936	0.86055039081896
8	0.0721921626883556	0.0400040472666412	0.833997751542062	0.0538060908643695
9	0.59640463430257	0.15034809271754	0.120617594375086	0.132629793155636
10	0.127043483565065	0.368992295262773	0.131267064071019	0.372697025220893

M0234_1.02.txt
Pos	A	C	G	T
1	0.269107921316715	0.205431468906162	0.331992538277223	0.193468071499899
2	0.159192616210694	0.533849995152605	0.206461693529622	0.100495695107079
3	0.0594914420973444	0.939955441465464	4.35359812826061e-05	0.000509580455909344
4	0.935852960519992	9.26856491711342e-05	0.0183835891264721	0.0456707647043644
5	0.000143811261169443	0.750505119966649	0.0117135521373521	0.237637516634829
6	0.0799169269069204	0.0201053848409108	0.889791958652544	0.0101857295996246
7	0.149160757531714	0.300372879292328	0.0650414418779998	0.485424921297959
8	0.0937314994793526	0.0708407433721101	0.652254162767544	0.183173594380994
9	0.241694588542357	0.256640147213918	0.267113830308762	0.234551433934963

M0235_1.02.txt
Pos	A	C	G	T
1	0.274384932914733	0.205312248802638	0.348811612814713	0.171491205467916
2	0.190278379392593	0.136795642911923	0.336462988847742	0.336462988847742
3	0.0750304800316693	0.878217628160149	0.0305051167412859	0.0162467750668956
4	0.751430988530995	0.000270354660290423	0.135908161376973	0.112390495431742
5	0.00283694285487239	0.782682413760247	0.0784708338362542	0.136009809548626
6	0.236991820525589	0.000238836903807667	0.71196277504393	0.0508065675266734
7	0.16726373636802	0.223535855021121	0.126415212488064	0.482785196122796
8	0.153852588519247	0.0852846876517468	0.605463891089072	0.155398832739934

M0277_1.02.txt
Pos	A	C	G	T
1	0.154220633072371	0.132738929018074	0.506935744661043	0.206104693248513
2	0.384330296546093	0.442085070213547	0.102668189845351	0.0709164433950087
3	0.0586958537103892	0.0132284404231934	0.0370537325093141	0.891021973357103
4	0.00750626232726554	0.0307453157364184	0.385961509606028	0.575786912330288
5	0.911092450723393	9.3915895714832e-05	0.0618458114377188	0.0269678219431735
6	0.0636901941110886	0.586416689873211	0.169699735220902	0.180193380794798
7	0.278427259565174	0.160638554625806	0.196204373680195	0.364729812128826
8	0.518034400181944	0.154476448816914	0.0597423799246548	0.267746771076487
9	0.729176125375545	0.0866533175125844	0.088403830643804	0.0957667264680663
10	0.258064936099566	0.140219807321799	0.224350877471128	0.377364379107507

M0278_1.02.txt
Pos	A	C	G	T
1	0.248439511295667	0.175072364635942	0.312685971371456	0.263802152696935
2	0.348841296520205	0.201263919898909	0.236185397933413	0.213709385647474
3	0.250960583742459	0.137730088572766	0.144791661216636	0.466517666468139
4	0.192615608116695	0.159285236477267	0.330529705262017	0.317569450144021
5	0.547797568080983	0.306710963607083	0.100073590233281	0.0454178780786531
6	0.0834800525300366	0.792036685709374	0.00482884694751988	0.119654414813069
7	0.161923989389866	0.0138339680997033	0.778311650923316	0.0459303915871147
8	0.238359356181727	0.306059471629742	0.081759289391545	0.373821882796986
9	0.313092607154669	0.147894475549079	0.356558747629015	0.182454169667238

M0279_1.02.txt
Pos	A	C	G	T
1	0.246840172825983	0.196080665733228	0.257201148792949	0.299878031579159
2	0.404546945852605	0.230506868091576	0.1427808312487	0.222165235405251
3	0.184350812159235	0.378594709441811	0.128282924317812	0.308771387619569
4	0.636411656515901	0.0201555552222853	0.194118759363968	0.149313717494268
5	0.177435669078009	0.522891948039181	0.092597653418941	0.207074575953095
6	0.207074575953095	0.092597653418941	0.522891948039181	0.177435669078009
7	0.149313717494268	0.194118759363968	0.0201555552222853	0.636411656515901
8	0.308771387619569	0.128282924317812	0.378594709441811	0.184350812159235
9	0.222165235405251	0.1427808312487	0.230506868091576	0.404546945852605
10	0.299878031579159	0.257201148792949	0.196080665733228	0.246840172825983

M0280_1.02.txt
Pos	A	C	G	T
1	0.145648592359418	0.150084252359949	0.513472676999156	0.190794478281476
2	0.418916649302128	0.431674560619806	0.0898078127068452	0.0596009773712202
3	0.00588407435575338	5.1038988077174e-06	0.066836506729536	0.927274315015903
4	0.0230224005304835	0.0482534668947243	0.291916463560068	0.636807669014724
5	0.986169660303458	5.9989454178252e-06	0.0137884103527069	3.59303984176296e-05
6	0.0197322971988833	0.609267090887465	0.192916363385046	0.178084248528606
7	0.220193325534477	0.0960151424655323	0.341895765999995	0.341895765999995
8	0.331651081281166	0.171414303964891	0.0402087026742881	0.456725912079654
9	0.667716335872488	0.100873114682046	0.129523643106736	0.101886906338729
10	0.435820696421516	0.122392233006887	0.214268716554726	0.227518354016871

M0330_1.02.txt
Pos	A	C	G	T
1	0.690950920245399	0.0774539877300614	0.154141104294479	0.0774539877300614
2	0.000525210084033614	0.000525210084033614	0.000525210084033614	0.998424369747899
3	0.053046218487395	0.000525210084033614	0.053046218487395	0.893382352941177
4	0.998424369747899	0.000525210084033614	0.000525210084033614	0.000525210084033614
5	0.000525210084033614	0.945903361344538	0.053046218487395	0.000525210084033614
6	0.053046218487395	0.000525210084033614	0.893382352941177	0.053046218487395
7	0.000525210084033614	0.053046218487395	0.000525210084033614	0.945903361344538
8	0.784188034188034	0.0719373219373219	0.0719373219373219	0.0719373219373219

M0331_1.02.txt
Pos	A	C	G	T
1	0.138971997860134	0.117245785090069	0.55240002034171	0.191382196708086
2	0.407664084470135	0.45053849049272	0.0499210877289384	0.0918763373082066
3	0.0182022074374487	0.000227989176017868	0.0641704532038095	0.917399350182724
4	0.109798379212252	0.11314223767944	0.249297202128219	0.527762180980089
5	0.898815886618147	0.00547985267448963	0.085719318126817	0.00998494258054605
6	0.0033724697276642	0.668907197276798	0.109469430004911	0.218250902990626
7	0.178121643981239	0.123034734535094	0.455988098721849	0.242855522761818
8	0.305077365546253	0.126540877988226	0.0946859288126309	0.47369582765289
9	0.50282694911199	0.177726539409896	0.146972585113874	0.17247392636424
10	0.496384653814675	0.12997617158053	0.163588010835496	0.210051163769299

M0334_1.02.txt
Pos	A	C	G	T
1	0.115789995519416	0.106887637613452	0.483851560592933	0.293470806274199
2	0.303746264508809	0.537104511475302	0.0712498487906928	0.087899375225196
3	0.128523216960068	0.0323336849649344	0.0379439308045497	0.801199167270447
4	0.0831924438795259	0.144193554404559	0.330681780494929	0.441932221220986
5	0.921730568164682	0.000168007435250713	0.0357393726344837	0.0423620517655837
6	0.031981261619153	0.592973764713684	0.113880557359499	0.261164416307664
7	0.229836922991568	0.193905325488325	0.31969583460764	0.256561916912466
8	0.236428375992003	0.22044435662795	0.227157886770586	0.315969380609461

M0335_1.02.txt
Pos	A	C	G	T
1	0.205744859070895	0.195710563889641	0.371161342254579	0.227383234784886
2	0.348491838230116	0.331495690725628	0.141686208113128	0.178326262931127
3	0.158624828419396	0.11290444532872	0.146429172058698	0.582041554193186
4	0.12997682058903	0.140802208839702	0.261741174338622	0.467479796232646
5	0.680696592413925	0.0452913776217434	0.180028770578192	0.0939832593861394
6	0.046523620268183	0.572469893319083	0.141169337673837	0.239837148738897
7	0.243006293694903	0.136058826918215	0.34141110679884	0.279523772588042
8	0.305636421169812	0.191023456516101	0.151774555074272	0.351565567239815
9	0.458174813083823	0.15559411651485	0.171958092592982	0.214272977808345
10	0.354470272564121	0.165773845872567	0.217157844944494	0.262598036618819

M0464_1.02.txt
Pos	A	C	G	T
1	0.23657092177371	0.20522114232969	0.278492650813866	0.27971534629745
2	0.149782210275254	0.262155711324344	0.0854866177966155	0.502575447882675
3	0.342826853334603	0.526571869688206	0.0390788703360578	0.0915223249069716
4	0.958823332006961	0.0218635212054003	0.0181843978595665	0.00112848911054209
5	0.0189779464567819	0.0061800300008005	0.94246887260931	0.0323726935864369
6	0.000724589807801862	8.88949182444207e-10	0.991759470559124	0.00751578409065047
7	0.0750415369205871	1.6440996613223e-11	0.920178220117672	0.00478045025461184
8	0.0509543777311897	0.000664728022744893	0.904357011208601	0.0440234660947406
9	0.107583436998642	0.249340618529889	0.211967745808397	0.431108254300413
10	0.362088468351295	0.187737812862315	0.176936273395774	0.273237299862492

M0470_1.02.txt
Pos	A	C	G	T
1	0.19801469358992	0.275432127735751	0.162120719208857	0.364432459465473
2	0.363626290943181	0.345892027470132	0.0827750483265736	0.207706633260114
3	0.649316958524922	0.0256853548141467	0.306715613373545	0.018282073287387
4	0.0204362727422806	0.00117036000496263	0.950807284498961	0.0275860827537952
5	0.000756036191010983	8.21124169759023e-05	0.992606157507368	0.00655569388464531
6	0.0409882339026691	1.51961229745139e-05	0.956504072902659	0.00249249707169696
7	0.214330008123112	0.0880158508364413	0.0665209490557201	0.631133191984727
8	0.219300944973064	0.483206918363734	0.0909622845039674	0.206529852159235
9	0.165337859371759	0.379172411319272	0.18829144708656	0.267198282222409
10	0.29389619328398	0.211288948528924	0.228886585480932	0.265928272706164

M0477_1.02.txt
Pos	A	C	G	T
1	0.150338787224773	0.311965101912913	0.0769296470056462	0.460766463856668
2	0.204481045236532	0.685724046797773	0.0494259348352791	0.0603689731304157
3	0.857398516424576	0.0448759862526406	0.0481298623972399	0.0495956349255435
4	0.0382521963886085	0.0422752150004945	0.857654193204622	0.0618183954062746
5	0.0348794581268912	0.0504961988678453	0.81394928696444	0.100675056040824
6	0.114329377590942	0.120191170127003	0.5550640759822	0.210415376299856
7	0.264306728914448	0.126104418346688	0.511378632977553	0.0982102197613107
8	0.170320008556879	0.346429408535795	0.179052502128853	0.304198080778473
9	0.357376833080832	0.210353780018117	0.230163696572508	0.202105690328543

M0481_1.02.txt
Pos	A	C	G	T
1	0.414477218375181	0.104273578899361	0.29501258351759	0.186236619207868
2	0.0820343596036669	0.149476348896692	0.131254498999754	0.637234792499887
3	0.000452549294731362	0.000133606203852411	0.99938632495045	2.75195509666249e-05
4	0.320893940621334	0.627102914657191	0.0519930817152838	1.00630061914464e-05
5	1.34144119015637e-06	0.000716046099734754	0.998235549282176	0.00104706317689942
6	5.95804985576045e-06	0.000761083610673561	0.999232956457163	1.88230765931984e-09
7	0.00235252424150737	0.987808542403442	8.44221045805014e-06	0.00983049114459273
8	0.0263459175073843	0.00322622695814611	0.196627943097159	0.77379991243731
9	0.160036858288554	0.593124397042535	0.166568086373503	0.0802706582954078
10	0.572904615490058	0.134386400738676	0.142696391661571	0.150012592109695

M0482_1.02.txt
Pos	A	C	G	T
1	0.269622397806219	0.207892777405773	0.295013893986017	0.227470930801991
2	0.22148070628271	0.230519505373227	0.308072603491729	0.239927184852334
3	0.00151760644992144	0.000218086041133277	0.979590266291198	0.0186740412177474
4	0.174199478939335	0.441510178038651	0.0299701256410718	0.354320217380942
5	0.000399305457842998	0.000216962967567534	0.96484879718319	0.0345349343913994
6	0.00100661584223131	0.0657983033397422	0.885891118924897	0.04730396189313
7	0.0100901256893409	0.0421636000542707	0.899246589849612	0.0484996844067762
8	0.0837810029705871	0.0659044711674346	0.733777820965657	0.116536704896322
9	0.15873387987822	0.261707924113882	0.22980453240515	0.349753663602748
10	0.323601901949326	0.206337682616919	0.239730185223464	0.230330230210291

M0483_1.02.txt
Pos	A	C	G	T
1	0.309406631171896	0.173236267414616	0.322033755328104	0.195323346085384
2	0.212287907166611	0.170365036087649	0.39859402030351	0.21875303644223
3	0.182018913860221	0.0564926535584245	0.688221410509065	0.07326702207229
4	0.205430354806395	0.0818679080198154	0.250913201961879	0.46178853521191
5	0.00588677189593665	0.0328748452060096	0.927699421765824	0.0335389611322299
6	0.000760070000786737	2.03567089552749e-05	0.997902179667726	0.00131739362253173
7	0.000225721220893321	0.805566230118988	0.0180211383605878	0.176186910299531
8	0.115534954591643	0.065994613260349	0.310931652506354	0.507538779641654
9	0.149767082939144	0.109846211130056	0.644890997655272	0.0954957082755281
10	0.19471129558762	0.0783760131790349	0.602759287718496	0.124153403514849

M0484_1.02.txt
Pos	A	C	G	T
1	0.263823985301859	0.0577014416634342	0.599012315682074	0.0794622573526327
2	0.306846865274642	0.094287517724092	0.136503303131321	0.462362313869945
3	0.00341725266706885	0.00040205632625504	0.811461476286202	0.184719214720474
4	0.000117377257401243	2.87408264659371e-10	0.999882617126271	5.32891925072864e-09
5	7.91982348232302e-05	0.986534927600734	1.67719742061735e-08	0.0133858573924682
6	0.0959504379842172	0.00432249070276438	0.443116088673734	0.456610982639285
7	0.156562773767672	0.315278709526467	0.296918306829246	0.231240209876615
8	0.53459596990894	0.0815740556115073	0.0874888420203938	0.296341132459159
9	0.157277539907856	0.0590280063372311	0.644201789371211	0.139492664383702

M0513_1.02.txt
Pos	A	C	G	T
1	0.730584390618993	0.0866013071895425	0.0289311803152634	0.153883121876201
2	0.198644207066557	0.20549164612435	0.0274582306217475	0.568405916187346
3	0.904116145500957	0.026643267389917	0.0319612848330143	0.0372793022761115
4	0.15427568602425	5.31801744309721e-05	0.834981918740693	0.0106892150606254
5	0.0372793022761115	5.31801744309721e-05	0.962614337375027	5.31801744309721e-05
6	0.0479153371623059	0.00537119761752819	0.941342267602638	0.00537119761752819
7	0.0460239025511377	0.00580326361755918	0.930877959089864	0.0172948747414387
8	0.097264648708692	0.22917245209664	0.437447931130242	0.236114968064427

M0514_1.02.txt
Pos	A	C	G	T
1	0.316776501664752	0.180945608982337	0.269939128391357	0.232338760961554
2	0.350186191968553	0.106534086000788	0.283855410376067	0.259424311654593
3	0.526899793974273	0.0943499164697375	0.127359065734283	0.251391223821707
4	0.276287559394174	0.142799593792249	0.125391670849039	0.455521175964537
5	0.635587542289984	0.166425844989908	0.0886370405266998	0.109349572193408
6	0.159920200441408	0.0922659293292497	0.629342071881272	0.11847179834807
7	0.186191318946763	0.0632297388397826	0.630664951513321	0.119913990700133
8	0.306983999660161	0.0468427209886869	0.564982991839931	0.0811902875112209
9	0.275200834999338	0.0249656565047958	0.606376536259295	0.0934569722365714

M0517_1.02.txt
Pos	A	C	G	T
1	0.160047974413646	0.226679104477612	0.146721748400853	0.466551172707889
2	9.80007840062721e-05	0.0980987847902783	0.891905135241082	0.00989807918463348
3	9.00576368876081e-05	0.58546469740634	0.0811419308357349	0.333303314121037
4	8.92538379150303e-05	8.92538379150303e-05	0.990806854694752	0.00901463762941807
5	8.92538379150303e-05	8.92538379150303e-05	0.999732238486255	8.92538379150303e-05
6	0.00901463762941807	8.92538379150303e-05	0.981881470903249	0.00901463762941807
7	0.0191355674028941	0.00961538461538461	0.971153846153846	9.52018278750952e-05
8	0.25	0.0973070516379789	0.22223764575236	0.430455302609661

M0518_1.02.txt
Pos	A	C	G	T
1	0.324068904206583	0.194601944223349	0.223845517641502	0.257483633928565
2	0.321669644216039	0.174779480757675	0.253034304209958	0.250516570816328
3	0.21912582982987	0.223552465226154	0.19241338997451	0.364908314969466
4	0.169345173080074	0.233209939592245	0.483929423105064	0.113515464222616
5	0.109152645366641	0.45611607087972	0.0342178459359247	0.400513437817714
6	0.028904581808609	0.000270901531489323	0.938234691675137	0.0325898249847648
7	0.0277319913148366	0.0291538409139925	0.927587071130867	0.0155270966403038
8	0.248757552849108	0.000277059980520185	0.747308988330528	0.00365639883984407
9	0.12756040847045	0.00128221627445938	0.779451170154302	0.0917062051007882
10	0.25825263637177	0.153536498903975	0.294105432362128	0.294105432362128

M0533_1.02.txt
Pos	A	C	G	T
1	0.543905950095969	0.287987843889955	0.0400671785028791	0.128039027511196
2	0.785091250670961	0.0336151368760064	0.181226516371444	6.70960815888352e-05
3	0.00651444788441692	6.4499484004128e-05	0.993356553147575	6.4499484004128e-05
4	6.4499484004128e-05	6.4499484004128e-05	0.999806501547988	6.4499484004128e-05
5	6.4499484004128e-05	6.4499484004128e-05	0.999806501547988	6.4499484004128e-05
6	0.013048558815892	0.0455076603479616	0.928395222020254	0.013048558815892
7	0.0500666444518494	0.225008330556481	0.241669443518827	0.483255581472842
8	0.494002822201317	0.129468485418627	0.211782690498589	0.164746001881468

M0577_1.02.txt
Pos	A	C	G	T
1	0.0774539877300614	0.230828220858896	0.000766871165644172	0.690950920245399
2	0.166851441241685	0.000554323725055432	0.832039911308204	0.000554323725055432
3	0.000525210084033614	0.000525210084033614	0.000525210084033614	0.998424369747899
4	0.000525210084033614	0.998424369747899	0.000525210084033614	0.000525210084033614
5	0.998424369747899	0.000525210084033614	0.000525210084033614	0.000525210084033614
6	0.000525210084033614	0.998424369747899	0.000525210084033614	0.000525210084033614
7	0.945903361344538	0.000525210084033614	0.053046218487395	0.000525210084033614
8	0.0774539877300614	0.614263803680982	0.0774539877300614	0.230828220858896

M0578_1.02.txt
Pos	A	C	G	T
1	0.231767942516326	0.294634799983678	0.169989491997865	0.303607765502131
2	0.395414880979043	0.0535135849313443	0.428347826925043	0.122723707164569
3	0.0625499363153447	0.0313735511810384	0.195579162077577	0.71049735042604
4	0.0488153432004315	0.896093421669809	0.00167874195041537	0.0534124931793443
5	0.928803132927861	0.00454440499272961	0.0309971977129958	0.0356552643664133
6	0.0591532584523411	0.880184616021574	0.0049536846691625	0.055708440856922
7	0.447039633704146	0.156436043209643	0.268445323616315	0.128078999469897
8	0.193757716786064	0.332489571575836	0.178860915606184	0.294891796031917

M0715_1.02.txt
Pos	A	C	G	T
1	0.416389351081531	0.000415973377703827	0.541181364392679	0.0420133111480865
2	0.028824200913242	0.000285388127853881	0.000285388127853881	0.97060502283105
3	0.82791095890411	0.171518264840183	0.000285388127853881	0.000285388127853881
4	0.942066210045662	0.000285388127853881	0.000285388127853881	0.0573630136986301
5	0.999143835616438	0.000285388127853881	0.000285388127853881	0.000285388127853881
6	0.0573630136986301	0.913527397260274	0.000285388127853881	0.028824200913242
7	0.999143835616438	0.000285388127853881	0.000285388127853881	0.000285388127853881
8	0.434461805555556	0.217447916666667	0.130642361111111	0.217447916666667

M0718_1.02.txt
Pos	A	C	G	T
1	0.364426806409859	0.172143034292045	0.259388185636585	0.204041973661511
2	0.192073068208663	0.241743165545219	0.201920864998323	0.364262901247796
3	0.281318720546482	0.128958192608188	0.507495712849837	0.0822273739954925
4	0.241794240457951	0.11421551185222	0.116522818243083	0.527467429446745
5	0.557937163705552	0.300139193774176	0.0506149175759816	0.0913087249442906
6	0.66265633935056	0.16671012306854	0.0458904261360631	0.124743111444836
7	0.823561708702266	0.0526485386335275	0.065604118888232	0.0581856337759742
8	0.0582799192013189	0.682155470533362	0.0184535653391616	0.241111044926157
9	0.76455401120575	0.0540166683660767	0.0789877417192244	0.102441578708949
10	0.403725500802647	0.208666063881435	0.159291394338334	0.228317040977584

M0719_1.02.txt
Pos	A	C	G	T
1	0.374378109452736	0.00124378109452736	0.623134328358209	0.00124378109452736
2	0.00110619469026549	0.00110619469026549	0.00110619469026549	0.996681415929204
3	0.996681415929204	0.00110619469026549	0.00110619469026549	0.00110619469026549
4	0.996681415929204	0.00110619469026549	0.00110619469026549	0.00110619469026549
5	0.996681415929204	0.00110619469026549	0.00110619469026549	0.00110619469026549
6	0.00110619469026549	0.996681415929204	0.00110619469026549	0.00110619469026549
7	0.996681415929204	0.00110619469026549	0.00110619469026549	0.00110619469026549
8	0.498344370860927	0.167218543046358	0.00165562913907285	0.332781456953642

M0722_1.02.txt
Pos	A	C	G	T
1	0.461213517665131	0.000384024577572965	0.538018433179724	0.000384024577572965
2	0.0501998001998002	0.0252247752247752	0.00024975024975025	0.924325674325674
3	0.794959128065395	0.204586739327884	0.000227066303360581	0.000227066303360581
4	0.977131438721137	0.00022202486678508	0.00022202486678508	0.0224245115452931
5	0.999333925399645	0.00022202486678508	0.00022202486678508	0.00022202486678508
6	0.000227066303360581	0.953905540417802	0.000227066303360581	0.0456403269754768
7	0.999318801089918	0.000227066303360581	0.000227066303360581	0.000227066303360581
8	0.593320848938827	0.125156054931336	0.125156054931336	0.156367041198502

M0723_1.02.txt
Pos	A	C	G	T
1	0.304424265117535	0.223279050662961	0.262020393210636	0.210276291008868
2	0.213776734922317	0.23390900580291	0.245901776980575	0.306412482294198
3	0.293933769358615	0.159709169047799	0.385042788712255	0.161314272881331
4	0.24623375941215	0.1752618824219	0.129837195895698	0.448667162270252
5	0.528194497521261	0.28699493929811	0.0621446407132899	0.122665922467338
6	0.598965151323562	0.187767297806978	0.0670342322960109	0.14623331857345
7	0.718960801798282	0.0665402374404742	0.146614521359003	0.0678844394022411
8	0.0334575743787242	0.590091847953972	0.0775000204030803	0.298950557264224
9	0.671271743398602	0.0498577543582794	0.121410095966326	0.157460406276793
10	0.326890920426301	0.210529658491572	0.210529658491572	0.252049762590554

M0726_1.02.txt
Pos	A	C	G	T
1	0.27234211625268	0.213286719516783	0.238265246125668	0.276106032605751
2	0.383328193588782	0.0712158008913969	0.521887986157601	0.0235682185335831
3	0.117427582642352	0.105265205970226	0.0210018079705617	0.756305508097385
4	0.834938502604591	0.152265850064916	7.03903735558834e-06	0.0127883643888478
5	0.908291612471934	0.0590962010588429	0.00296668656625975	0.0296454989332124
6	0.977392902172744	0.0144893649085107	0.00162798954200791	0.00648962664276037
7	0.00128198537517329	0.843631970614611	6.76126209382279e-07	0.155085129959063
8	0.965164324051991	0.0120825995700766	0.00683096886814409	0.0159216749084756
9	0.479653745706612	0.164188799651585	0.11469392096836	0.241463306001435
10	0.4170433958676	0.185220581145131	0.142284706891523	0.255451442605555

M0727_1.02.txt
Pos	A	C	G	T
1	0.285935732626501	0.209718692781648	0.382132372872043	0.122213201719808
2	0.259230626749101	0.180859071286399	0.145142804494763	0.414767497469738
3	0.482798840457549	0.289918569175416	0.0744107252349153	0.15287186513212
4	0.584225476995191	0.181324274340193	0.0653846158688912	0.169065632795725
5	0.800779260086469	0.028377180800023	0.101046956942516	0.0697966021709918
6	0.00667411969426122	0.733800588408631	0.00274076564741802	0.25678452624969
7	0.711263545613128	0.0651728538644284	0.101194360638763	0.122369239883681
8	0.343114515111851	0.208109473225344	0.218779474081997	0.229996537580808
9	0.298982530129323	0.230530953993899	0.194490855026636	0.275995660850142

M0728_1.02.txt
Pos	A	C	G	T
1	0.394926466798787	0.201691177733737	0.201691177733737	0.201691177733737
2	0.357836201417097	0.147162838130131	0.34783812232264	0.147162838130131
3	0.159006470172085	0.172368476534499	0.068783254701143	0.599841798592273
4	0.841382005644026	0.113021475099286	0.0227982596283438	0.0227982596283438
5	0.999531486452931	0.000156171182356404	0.000156171182356404	0.000156171182356404
6	0.999531486452931	0.000156171182356404	0.000156171182356404	0.000156171182356404
7	0.000156171182356404	0.999531486452931	0.000156171182356404	0.000156171182356404
8	0.999531486452931	0.000156171182356404	0.000156171182356404	0.000156171182356404
9	0.854605019654143	0.0484649934486189	0.0484649934486189	0.0484649934486189
10	0.691020000843324	0.102993333052225	0.102993333052225	0.102993333052225
11	0.181372916481213	0.360053051350646	0.181372916481213	0.277201115686927
12	0.317926265337962	0.227357911554013	0.227357911554013	0.227357911554013

M0729_1.02.txt
Pos	A	C	G	T
1	0.160143769968051	0.000399361022364217	0.839057507987221	0.000399361022364217
2	0.000322164948453608	0.0325386597938144	0.000322164948453608	0.966817010309278
3	0.878026634382567	0.12136803874092	0.000302663438256659	0.000302663438256659
4	0.968825665859564	0.0305690072639225	0.000302663438256659	0.000302663438256659
5	0.99909200968523	0.000302663438256659	0.000302663438256659	0.000302663438256659
6	0.000302663438256659	0.63589588377724	0.000302663438256659	0.363498789346247
7	0.99909200968523	0.000302663438256659	0.000302663438256659	0.000302663438256659
8	0.63077731092437	0.105567226890756	0.105567226890756	0.158088235294118

M0732_1.02.txt
Pos	A	C	G	T
1	0.359371017091612	0.149060956865382	0.0904100405125905	0.401157985530415
2	0.421727820981894	0.136232111361639	0.263580844732525	0.178459222923943
3	0.287710661254775	0.194796481081787	0.208920819637279	0.308572038026159
4	0.387292514169453	0.104499288033687	0.432326140412211	0.0758820573846485
5	0.213252489138632	0.166081205540105	0.0581180832466767	0.562548222074587
6	0.555668842666673	0.284340513233429	0.0489193248931612	0.111071319206737
7	0.768443589000765	0.0969666550081835	0.0511297825761371	0.0834599734149144
8	0.771860830389677	0.0584869856925066	0.0899095587789377	0.0797426251388784
9	0.0628245604899641	0.561350836607506	0.0519533441348201	0.32387125876771
10	0.748481867984486	0.0720994906297843	0.0685831569791434	0.110835484406586

M0734_1.02.txt
Pos	A	C	G	T
1	0.351977039002402	0.145994061104174	0.0930899233366847	0.40893897655674
2	0.430154906983159	0.146078681772338	0.255735931034153	0.168030480210351
3	0.278188557752576	0.199996356548671	0.208158362693673	0.313656723005081
4	0.359616640389903	0.0951104241895271	0.461756906504996	0.0835160289155737
5	0.198979495051766	0.180044092547779	0.0800940668566251	0.54088234554383
6	0.531072363026011	0.271754283616526	0.0877856712000947	0.109387682157369
7	0.713787614449821	0.108916927611431	0.0767524616610673	0.10054299627768
8	0.717546878963195	0.0811125975341382	0.105197368145017	0.0961431553576503
9	0.0939148114621055	0.556901347381942	0.0525827495390809	0.296601091616872
10	0.697500415862348	0.0742548511047013	0.0982488072026621	0.129995925830289

M0736_1.02.txt
Pos	A	C	G	T
1	0.309467174119886	0.142959086584206	0.547335870599429	0.000237868696479543
2	0.295052424639581	0.000163826998689384	0.000163826998689384	0.704619921363041
3	0.619510135135135	0.295748873873874	0.000140765765765766	0.0846002252252252
4	0.888534147695725	0.0695446973903387	0.000138811771238201	0.0417823431426985
5	0.999583564686285	0.000138811771238201	0.000138811771238201	0.000138811771238201
6	0.000138811771238201	0.957940033314825	0.000138811771238201	0.0417823431426985
7	0.999571673329526	0.000142775556824672	0.000142775556824672	0.000142775556824672
8	0.660067873303167	0.132164404223228	0.0567496229260935	0.151018099547511

M0738_1.02.txt
Pos	A	C	G	T
1	0.352699530516432	0.000586854460093897	0.64612676056338	0.000586854460093897
2	0.000384024577572965	0.000384024577572965	0.000384024577572965	0.998847926267281
3	0.922043010752688	0.0771889400921659	0.000384024577572965	0.000384024577572965
4	0.998847926267281	0.000384024577572965	0.000384024577572965	0.000384024577572965
5	0.998847926267281	0.000384024577572965	0.000384024577572965	0.000384024577572965
6	0.000384024577572965	0.922043010752688	0.000384024577572965	0.0771889400921659
7	0.998847926267281	0.000384024577572965	0.000384024577572965	0.000384024577572965
8	0.499445676274945	0.222283813747228	0.0559866962305987	0.222283813747228

M0740_1.02.txt
Pos	A	C	G	T
1	0.148384370550069	0.25362896194306	0.148384370550069	0.449602289201803
2	0.343158792789623	0.027767819712446	0.517642556401521	0.111430823341412
3	0.0838763818593555	0.000213378230389042	0.000213378230389042	0.91569685392487
4	0.999359857553836	0.000213378230389042	0.000213378230389042	0.000213378230389042
5	0.91569685392487	0.000213378230389042	0.000213378230389042	0.0838763818593555
6	0.999359857553836	0.000213378230389042	0.000213378230389042	0.000213378230389042
7	0.000213378230389042	0.912222651367275	0.000213378230389042	0.0873505844169486
8	0.999359857553836	0.000213378230389042	0.000213378230389042	0.000213378230389042
9	0.437060066109729	0.186478177356154	0.185492009370537	0.190969739408583
10	0.332663322507422	0.222445556579194	0.222445556579194	0.222445556579194

M0744_1.02.txt
Pos	A	C	G	T
1	0.57051282051282	0.0719373219373219	0.356837606837607	0.000712250712250712
2	0.0592723004694836	0.000586854460093897	0.000586854460093897	0.939553990610329
3	0.939553990610329	0.0592723004694836	0.000586854460093897	0.000586854460093897
4	0.998239436619718	0.000586854460093897	0.000586854460093897	0.000586854460093897
5	0.998239436619718	0.000586854460093897	0.000586854460093897	0.000586854460093897
6	0.000586854460093897	0.880868544600939	0.000586854460093897	0.117957746478873
7	0.998239436619718	0.000586854460093897	0.000586854460093897	0.000586854460093897
8	0.499003984063745	0.200199203187251	0.00099601593625498	0.299800796812749

M0745_1.02.txt
Pos	A	C	G	T
1	0.227336857250481	0.227336857250481	0.227336857250481	0.31798942990287
2	0.358860953352975	0.170204105689526	0.298544115931714	0.172390826680098
3	0.484492873498615	0.000116508454593294	0.515274111246512	0.000116508454593294
4	0.000116508454593294	0.999650476290534	0.000116508454593294	0.000116508454593294
5	0.999650476290534	0.000116508454593294	0.000116508454593294	0.000116508454593294
6	0.999650476290534	0.000116508454593294	0.000116508454593294	0.000116508454593294
7	0.999650476290534	0.000116508454593294	0.000116508454593294	0.000116508454593294
8	0.000116508454593294	0.999650476290534	0.000116508454593294	0.000116508454593294
9	0.931661046801242	0.0227796516176904	0.0227796516176904	0.0227796516176904
10	0.168822958436377	0.298703238350884	0.256579750740866	0.275894054126186

M0747_1.02.txt
Pos	A	C	G	T
1	0.366282536056847	0.166235422614399	0.164581352522887	0.302900688805867
2	0.345139288157941	0.171391098280522	0.195185047366754	0.288284566194783
3	0.267835598131953	0.18133993296251	0.196443204228677	0.35438126467686
4	0.346821123737411	0.108723629551153	0.419393304325043	0.125061942386393
5	0.146969215455593	0.100506574798746	0.0318240771518093	0.720700132593852
6	0.70001594324923	0.254959092577518	0.00071971722441527	0.044305246948836
7	0.906191774842258	0.0534769626307807	0.000316399683627942	0.0400148628433332
8	0.934400201891173	0.000770978207805465	0.0235683527929789	0.041260467108043
9	0.0330484336064883	0.60062703630256	0.0333805758860472	0.332943954204905
10	0.853101249169001	0.047888636318896	0.045553079966132	0.0534570345459708

M0749_1.02.txt
Pos	A	C	G	T
1	0.242572800451296	0.257572664714431	0.299256741848417	0.200597792985856
2	0.388667755849319	0.112474314588133	0.408595177814272	0.0902627517482759
3	0.193538678296336	0.116219120656129	0.0970743694834276	0.593167831564107
4	0.567331017604455	0.240072974807814	0.0147455735478287	0.177850434039902
5	0.726254195559183	0.177310083749997	0.0221513863956163	0.0742843342952036
6	0.882729514948421	0.0146291897289233	0.0370778156232458	0.0655634796994096
7	0.0801658366733103	0.688212355881785	0.0496052883277091	0.182016519117195
8	0.871824635293957	0.0404711064244862	0.0362553986289468	0.05144885965261
9	0.497501866950582	0.159110560470551	0.141118407781713	0.202269164797153

M0750_1.02.txt
Pos	A	C	G	T
1	0.333384061344603	0.186661191404066	0.227988494014689	0.251966253236643
2	0.243490749487948	0.236294510302155	0.191536607466959	0.328678132742937
3	0.290402821647557	0.120454127941421	0.508400233818692	0.0807428165923303
4	0.144492641159939	0.10811857916848	0.0800962134462866	0.667292566225295
5	0.665365101998476	0.230519605619488	0.0425353679120989	0.0615799244699375
6	0.737993220183651	0.130834692640252	0.0272195274961828	0.103952559679914
7	0.810159939363701	0.0450256210613578	0.0523123083478681	0.0925021312270731
8	0.0873216846754983	0.613756840392697	0.0798060107765715	0.219115464155233
9	0.815709809450488	0.0310022154045042	0.0777935611691712	0.0754944139758373
10	0.402874328410998	0.192216948315099	0.160553091060863	0.24435563221304

M0751_1.02.txt
Pos	A	C	G	T
1	0.222345132743363	0.00110619469026549	0.775442477876106	0.00110619469026549
2	0.00110619469026549	0.00110619469026549	0.00110619469026549	0.996681415929204
3	0.996681415929204	0.00110619469026549	0.00110619469026549	0.00110619469026549
4	0.996681415929204	0.00110619469026549	0.00110619469026549	0.00110619469026549
5	0.996681415929204	0.00110619469026549	0.00110619469026549	0.00110619469026549
6	0.00110619469026549	0.886061946902655	0.00110619469026549	0.111725663716814
7	0.996681415929204	0.00110619469026549	0.00110619469026549	0.00110619469026549
8	0.597222222222222	0.200396825396825	0.00198412698412698	0.200396825396825

M0752_1.02.txt
Pos	A	C	G	T
1	0.280208431403184	0.207583511582639	0.258664983427132	0.253543073587045
2	0.254420773771975	0.227918813877724	0.227918813877724	0.289741598472576
3	0.291528476378776	0.136338080937203	0.471131708147846	0.101001734536176
4	0.17784854653864	0.121623757670089	0.110049726863893	0.590477968927379
5	0.600876453817606	0.264645010745233	0.05396789572312	0.0805106397140406
6	0.706052097745071	0.148367013922294	0.0519192189035171	0.0936616694291182
7	0.755352554361764	0.0678422122035123	0.0671671709133765	0.109638062521347
8	0.0891687984421623	0.528758171621374	0.0918843926414479	0.290188637295016
9	0.71752036140281	0.0691170418235351	0.0971058213712832	0.116256775402371
10	0.356357511099545	0.2295072160917	0.19362716337711	0.220508109431645

M0755_1.02.txt
Pos	A	C	G	T
1	0.00328947368421053	0.00328947368421053	0.00328947368421053	0.990131578947368
2	0.00198412698412698	0.00198412698412698	0.994047619047619	0.00198412698412698
3	0.00165562913907285	0.00165562913907285	0.00165562913907285	0.995033112582781
4	0.829470198675497	0.167218543046358	0.00165562913907285	0.00165562913907285
5	0.995033112582781	0.00165562913907285	0.00165562913907285	0.00165562913907285
6	0.995033112582781	0.00165562913907285	0.00165562913907285	0.00165562913907285
7	0.00165562913907285	0.663907284768212	0.00165562913907285	0.332781456953642
8	0.995033112582781	0.00165562913907285	0.00165562913907285	0.00165562913907285
9	0.661184210526316	0.332236842105263	0.00328947368421053	0.00328947368421053

M0756_1.02.txt
Pos	A	C	G	T
1	0.233668157256162	0.224505897759421	0.34859192802352	0.193234016960897
2	0.280037261520574	0.209541680370579	0.191506676307718	0.318914381801129
3	0.404307571019888	0.29066630842861	0.110186667291466	0.194839453260036
4	0.447461625226817	0.238314392886378	0.104961202366075	0.20926277952073
5	0.768976374632738	0.0182663441200999	0.173306247641678	0.0394510336054843
6	0.0161762054786955	0.7087772939253	0.0319298517827146	0.24311664881329
7	0.578790167678347	0.107871424873334	0.169176070082181	0.144162337366138
